NURBSPatchwork
6
NURBSSurface
2
2
4
4
1
1
4
4
0.5,-0.5,-0.5,1
0.5,-0.5,0.5,1
0.5,0.5,-0.5,1
0.5,0.5,0.5,1
1,2,3,4
1,2,3,4
open
NURBSSurface
2
2
4
4
1
1
4
4
0.5,0.5,-0.5,1
0.5,0.5,0.5,1
-0.5,0.5,-0.5,1
-0.5,0.5,0.5,1
1,2,3,4
1,2,3,4
open
NURBSSurface
2
2
4
4
1
1
4
4
-0.5,0.5,-0.5,1
-0.5,0.5,0.5,1
-0.5,-0.5,-0.5,1
-0.5,-0.5,0.5,1
1,2,3,4
1,2,3,4
open
NURBSSurface
2
2
4
4
1
1
4
4
-0.5,-0.5,-0.5,1
-0.5,-0.5,0.5,1
0.5,-0.5,-0.5,1
0.5,-0.5,0.5,1
1,2,3,4
1,2,3,4
open
NURBSSurface
2
2
4
4
1
1
4
4
-0.5,0.5,0.5,1
0.5,0.5,0.5,1
-0.5,-0.5,0.5,1
0.5,-0.5,0.5,1
1,2,3,4
1,2,3,4
open
NURBSSurface
2
2
4
4
1
1
4
4
-0.5,-0.5,-0.5,1
0.5,-0.5,-0.5,1
-0.5,0.5,-0.5,1
0.5,0.5,-0.5,1
1,2,3,4
1,2,3,4
open
closed